4		4		3		relu		softmax

4
2.33186		2.55808		-3.89581		-3.22915		2.15197		
-0.68644		-0.19895		0.0304941		-0.810977		0		
-0.181382		-0.546517		-0.409887		0.820056		-0.064736		
0.289432		-0.353915		-1.41745		-1.28301		-0.0403417		

3
-0.58951		-0.916941		0.893416		0.249731		-0.175136		
-0.232549		-0.0849975		0.842934		-0.616965		-0.0089352		
1.81989		0.802938		0.297833		1.1241		-0.0166081		

3
-0.397581		-0.69115		0.657936		-5.12785		
3.88951		0.0646545		0.248492		1.25205		
-0.313699		-0.484311		-1.90814		3.8758		

